    2000    4000    10000    20000    100000    200000
    0.001000    0.001000    0.005000    0.020000    0.511000    2.169000
    0.000000    0.001000    0.004000    0.018000    0.462000    2.020000
    0.000000    0.000000    0.004000    0.015000    0.384000    1.579000
    0.000000    0.000000    0.003000    0.016000    0.309000    1.238000
    0.000000    0.000000    0.000000    0.001000    0.005000    0.011000
    0.000000    0.000000    0.000000    0.001000    0.007000    0.013000
    0.000000    0.000000    0.001000    0.001000    0.006000    0.015000
    0.000000    0.001000    0.001000    0.002000    0.008000    0.016000
    0.000000    0.001000    0.002000    0.008000    0.025000    0.058000
    0.001000    0.001000    0.002000    0.006000    0.025000    0.057000
    0.000000    0.001000    0.002000    0.006000    0.025000    0.053000
    0.000000    0.001000    0.002000    0.005000    0.025000    0.054000
